
thread 'permuting_every_list_changes_no_canonical_byte' (26819186) panicked at tests/adapter.rs:73:9:
assertion `left == right` failed: RF-CHAIN-T-n03-r1e-04
  left: [75, 52, 83, 82, 67, 1, 4, 0, 0, 0, 0, 0, 0, 0, 0, 0, 0, 0, 0, 0, 0, 0, 0, 0, 0, 0, 0, 0, 0, 0, 0, 0, 0, 0, 0, 0, 0, 0, 0, 0, 0, 64, 0, 0, 0, 0, 0, 0, 0, 0, 0, 0, 0, 0, 0, 0, 0, 0, 0, 0, 0, 0, 0, 0, 8, 64, 0, 0, 0, 0, 0, 0, 0, 0, 0, 0, 0, 0, 0, 0, 0, 0, 0, 0, 0, 0, 0, 0, 24, 64, 0, 0, 0, 0, 0, 0, 0, 0, 0, 0, 0, 0, 0, 0, 0, 0, 3, 0, 0, 0, 1, 0, 0, 0, 0, 0, 0, 0, 1, 0, 0, 0, 0, 0, 0, 232, 118, 72, 71, 66, 0, 0, 0, 32, 95, 160, 50, 66, 19, 172, 55, 58, 250, 114, 120, 63, 8, 33, 66, 68, 102, 82, 252, 62, 8, 33, 66, 68, 102, 82, 252, 62, 8, 33, 66, 68, 102, 82, 12, 63, 0, 0, 0, 0, 0, 0, 0, 0, 0, 0, 0, 0, 0, 0, 240, 63, 0, 0, 0, 0, 0, 0, 0, 0, 2, 0, 0, 0, 1, 0, 0, 0, 2, 0, 0, 0, 0, 0, 0, 232, 118, 72, 71, 66, 0, 0, 0, 32, 95, 160, 50, 66, 19, 172, 55, 58, 250, 114, 120, 63, 8, 33, 66, 68, 102, 82, 252, 62, 8, 33, 66, 68, 102, 82, 252, 62, 8, 33, 66, 68, 102, 82, 12, 63, 0, 0, 0, 0, 0, 0, 0, 0, 0, 0, 0, 0, 0, 0, 240, 63, 0, 0, 0, 0, 0, 0, 0, 0, 3, 0, 0, 0, 2, 0, 0, 0, 3, 0, 0, 0, 0, 0, 0, 232, 118, 72, 71, 66, 0, 0, 0, 32, 95, 160, 50, 66, 19, 172, 55, 58, 250, 114, 120, 63, 8, 33, 66, 68, 102, 82, 252, 62, 8, 33, 66, 68, 102, 82, 252, 62, 8, 33, 66, 68, 102, 82, 12, 63, 0, 0, 0, 0, 0, 0, 0, 0, 0, 0, 0, 0, 0, 0, 240, 63, 0, 0, 0, 0, 0, 0, 0, 0, 1, 0, 0, 0, 1, 0, 0, 0, 0, 0, 0, 0, 3, 0, 0, 0, 0, 0, 0, 107, 64, 0, 0, 0, 0, 5, 0, 0, 0, 0, 0, 0, 0, 0, 0, 0, 0, 0, 0, 0, 0, 0, 0, 0, 0, 0, 1, 0, 0, 0, 0, 0, 0, 0, 0, 0, 0, 0, 0, 2, 0, 0, 0, 0, 0, 0, 0, 0, 0, 0, 0, 0, 4, 0, 0, 0, 0, 0, 0, 0, 0, 0, 0, 0, 0, 5, 0, 0, 0, 0, 0, 0, 0, 0, 1, 0, 0, 0, 3, 0, 0, 0, 3, 2, 0, 0, 0, 108, 48, 174, 216, 95, 118, 79, 30, 150, 63, 3, 0, 0, 0, 1, 0, 0, 0, 1, 0, 0, 0, 0, 0, 0, 0, 0, 0, 224, 63, 2, 0, 0, 0, 2, 0, 0, 0, 0, 0, 0, 0, 0, 0, 224, 63, 3, 0, 0, 0, 3, 0, 0, 0, 0, 0, 0, 0, 0, 0, 224, 63, 0, 0, 0, 0]
 right: [75, 52, 83, 82, 67, 1, 4, 0, 0, 0, 0, 0, 0, 0, 0, 0, 0, 0, 0, 0, 0, 0, 0, 0, 0, 0, 0, 0, 0, 0, 0, 0, 0, 0, 0, 0, 0, 0, 0, 0, 0, 64, 0, 0, 0, 0, 0, 0, 0, 0, 0, 0, 0, 0, 0, 0, 0, 0, 0, 0, 0, 0, 0, 0, 8, 64, 0, 0, 0, 0, 0, 0, 0, 0, 0, 0, 0, 0, 0, 0, 0, 0, 0, 0, 0, 0, 0, 0, 24, 64, 0, 0, 0, 0, 0, 0, 0, 0, 0, 0, 0, 0, 0, 0, 0, 0, 3, 0, 0, 0, 3, 0, 0, 0, 2, 0, 0, 0, 3, 0, 0, 0, 0, 0, 0, 232, 118, 72, 71, 66, 0, 0, 0, 32, 95, 160, 50, 66, 19, 172, 55, 58, 250, 114, 120, 63, 8, 33, 66, 68, 102, 82, 252, 62, 8, 33, 66, 68, 102, 82, 252, 62, 8, 33, 66, 68, 102, 82, 12, 63, 0, 0, 0, 0, 0, 0, 0, 0, 0, 0, 0, 0, 0, 0, 240, 63, 0, 0, 0, 0, 0, 0, 0, 0, 2, 0, 0, 0, 1, 0, 0, 0, 2, 0, 0, 0, 0, 0, 0, 232, 118, 72, 71, 66, 0, 0, 0, 32, 95, 160, 50, 66, 19, 172, 55, 58, 250, 114, 120, 63, 8, 33, 66, 68, 102, 82, 252, 62, 8, 33, 66, 68, 102, 82, 252, 62, 8, 33, 66, 68, 102, 82, 12, 63, 0, 0, 0, 0, 0, 0, 0, 0, 0, 0, 0, 0, 0, 0, 240, 63, 0, 0, 0, 0, 0, 0, 0, 0, 1, 0, 0, 0, 0, 0, 0, 0, 1, 0, 0, 0, 0, 0, 0, 232, 118, 72, 71, 66, 0, 0, 0, 32, 95, 160, 50, 66, 19, 172, 55, 58, 250, 114, 120, 63, 8, 33, 66, 68, 102, 82, 252, 62, 8, 33, 66, 68, 102, 82, 252, 62, 8, 33, 66, 68, 102, 82, 12, 63, 0, 0, 0, 0, 0, 0, 0, 0, 0, 0, 0, 0, 0, 0, 240, 63, 0, 0, 0, 0, 0, 0, 0, 0, 1, 0, 0, 0, 1, 0, 0, 0, 0, 0, 0, 0, 3, 0, 0, 0, 0, 0, 0, 107, 64, 0, 0, 0, 0, 5, 0, 0, 0, 0, 0, 0, 0, 5, 0, 0, 0, 0, 0, 0, 0, 0, 0, 0, 0, 0, 4, 0, 0, 0, 0, 0, 0, 0, 0, 0, 0, 0, 0, 2, 0, 0, 0, 0, 0, 0, 0, 0, 0, 0, 0, 0, 1, 0, 0, 0, 0, 0, 0, 0, 0, 0, 0, 0, 0, 0, 0, 0, 0, 0, 0, 0, 0, 0, 1, 0, 0, 0, 3, 0, 0, 0, 3, 2, 0, 0, 0, 108, 48, 174, 216, 95, 118, 79, 30, 150, 63, 3, 0, 0, 0, 3, 0, 0, 0, 3, 0, 0, 0, 0, 0, 0, 0, 0, 0, 224, 63, 2, 0, 0, 0, 2, 0, 0, 0, 0, 0, 0, 0, 0, 0, 224, 63, 1, 0, 0, 0, 1, 0, 0, 0, 0, 0, 0, 0, 0, 0, 224, 63, 0, 0, 0, 0]
note: run with `RUST_BACKTRACE=1` environment variable to display a backtrace
        0.08 real         0.07 user         0.00 sys
            12533760  maximum resident set size
                   0  average shared memory size
                   0  average unshared data size
                   0  average unshared stack size
                1102  page reclaims
                   1  page faults
                   0  swaps
                   0  block input operations
                   0  block output operations
                   0  messages sent
                   0  messages received
                   0  signals received
                   0  voluntary context switches
                  12  involuntary context switches
           901254799  instructions retired
           237398641  cycles elapsed
            10125648  peak memory footprint
