nodes 11
0.0 0.0 0.0
3.0 4.0 0.0
6.0 8.0 0.0
9.0 12.0 0.0
12.0 16.0 0.0
15.0 20.0 0.0
18.0 24.0 0.0
21.0 28.0 0.0
24.0 32.0 0.0
27.0 36.0 0.0
30.0 40.0 0.0
members 10
0 1 200000000000.0 80000000000.0 0.005969026041820614 2.7009842839238267e-05 5.4019685678476534e-05 0.0 0.0 1.0
1 2 200000000000.0 80000000000.0 0.005969026041820614 2.7009842839238267e-05 5.4019685678476534e-05 0.0 0.0 1.0
2 3 200000000000.0 80000000000.0 0.005969026041820614 2.7009842839238267e-05 5.4019685678476534e-05 0.0 0.0 1.0
3 4 200000000000.0 80000000000.0 0.005969026041820614 2.7009842839238267e-05 5.4019685678476534e-05 0.0 0.0 1.0
4 5 200000000000.0 80000000000.0 0.005969026041820614 2.7009842839238267e-05 5.4019685678476534e-05 0.0 0.0 1.0
5 6 200000000000.0 80000000000.0 0.005969026041820614 2.7009842839238267e-05 5.4019685678476534e-05 0.0 0.0 1.0
6 7 200000000000.0 80000000000.0 0.005969026041820614 2.7009842839238267e-05 5.4019685678476534e-05 0.0 0.0 1.0
7 8 200000000000.0 80000000000.0 0.005969026041820614 2.7009842839238267e-05 5.4019685678476534e-05 0.0 0.0 1.0
8 9 200000000000.0 80000000000.0 0.005969026041820614 2.7009842839238267e-05 5.4019685678476534e-05 0.0 0.0 1.0
9 10 200000000000.0 80000000000.0 0.005969026041820614 2.7009842839238267e-05 5.4019685678476534e-05 0.0 0.0 1.0
rigid 44
0
1
2
5
6
7
8
11
12
13
14
17
18
19
20
23
24
25
26
29
30
31
32
35
36
37
38
41
42
43
44
47
48
49
50
53
54
55
56
59
60
61
62
65
springs 0
loads 2
63 0.003
64 0.004
