nodes 105
0.0 0.0 0.0
3.0 0.0 0.0
6.0 0.0 0.0
9.0 0.0 0.0
12.0 0.0 0.0
15.0 0.0 0.0
18.0 0.0 0.0
21.0 0.0 0.0
24.0 0.0 0.0
27.0 0.0 0.0
30.0 0.0 0.0
33.0 0.0 0.0
36.0 0.0 0.0
39.0 0.0 0.0
42.0 0.0 0.0
45.0 0.0 0.0
48.0 0.0 0.0
51.0 0.0 0.0
54.0 0.0 0.0
57.0 0.0 0.0
60.0 0.0 0.0
63.0 0.0 0.0
66.0 0.0 0.0
69.0 0.0 0.0
72.0 0.0 0.0
75.0 0.0 0.0
78.0 0.0 0.0
81.0 0.0 0.0
84.0 0.0 0.0
87.0 0.0 0.0
90.0 0.0 0.0
93.0 0.0 0.0
96.0 0.0 0.0
99.0 0.0 0.0
102.0 0.0 0.0
105.0 0.0 0.0
108.0 0.0 0.0
111.0 0.0 0.0
114.0 0.0 0.0
117.0 0.0 0.0
120.0 0.0 0.0
123.0 0.0 0.0
126.0 0.0 0.0
129.0 0.0 0.0
132.0 0.0 0.0
135.0 0.0 0.0
138.0 0.0 0.0
141.0 0.0 0.0
144.0 0.0 0.0
147.0 0.0 0.0
150.0 0.0 0.0
153.0 0.0 0.0
156.0 0.0 0.0
159.0 0.0 0.0
162.0 0.0 0.0
165.0 0.0 0.0
168.0 0.0 0.0
171.0 0.0 0.0
174.0 0.0 0.0
177.0 0.0 0.0
180.0 0.0 0.0
183.0 0.0 0.0
186.0 0.0 0.0
189.0 0.0 0.0
192.0 0.0 0.0
195.0 0.0 0.0
198.0 0.0 0.0
201.0 0.0 0.0
204.0 0.0 0.0
207.0 0.0 0.0
210.0 0.0 0.0
213.0 0.0 0.0
216.0 0.0 0.0
219.0 0.0 0.0
222.0 0.0 0.0
225.0 0.0 0.0
228.0 0.0 0.0
231.0 0.0 0.0
234.0 0.0 0.0
237.0 0.0 0.0
240.0 0.0 0.0
243.0 0.0 0.0
246.0 0.0 0.0
249.0 0.0 0.0
252.0 0.0 0.0
255.0 0.0 0.0
258.0 0.0 0.0
261.0 0.0 0.0
264.0 0.0 0.0
267.0 0.0 0.0
270.0 0.0 0.0
273.0 0.0 0.0
276.0 0.0 0.0
279.0 0.0 0.0
282.0 0.0 0.0
285.0 0.0 0.0
288.0 0.0 0.0
291.0 0.0 0.0
294.0 0.0 0.0
297.0 0.0 0.0
300.0 0.0 0.0
0.0 30.0 0.0
3.0 30.0 0.0
3.0 33.0 0.0
3.0 33.0 3.0
members 103
0 1 200000000000.0 80000000000.0 0.005969026041820614 2.7009842839238267e-05 5.4019685678476534e-05 0.0 0.0 1.0
1 2 200000000000.0 80000000000.0 0.005969026041820614 2.7009842839238267e-05 5.4019685678476534e-05 0.0 0.0 1.0
2 3 200000000000.0 80000000000.0 0.005969026041820614 2.7009842839238267e-05 5.4019685678476534e-05 0.0 0.0 1.0
3 4 200000000000.0 80000000000.0 0.005969026041820614 2.7009842839238267e-05 5.4019685678476534e-05 0.0 0.0 1.0
4 5 200000000000.0 80000000000.0 0.005969026041820614 2.7009842839238267e-05 5.4019685678476534e-05 0.0 0.0 1.0
5 6 200000000000.0 80000000000.0 0.005969026041820614 2.7009842839238267e-05 5.4019685678476534e-05 0.0 0.0 1.0
6 7 200000000000.0 80000000000.0 0.005969026041820614 2.7009842839238267e-05 5.4019685678476534e-05 0.0 0.0 1.0
7 8 200000000000.0 80000000000.0 0.005969026041820614 2.7009842839238267e-05 5.4019685678476534e-05 0.0 0.0 1.0
8 9 200000000000.0 80000000000.0 0.005969026041820614 2.7009842839238267e-05 5.4019685678476534e-05 0.0 0.0 1.0
9 10 200000000000.0 80000000000.0 0.005969026041820614 2.7009842839238267e-05 5.4019685678476534e-05 0.0 0.0 1.0
10 11 200000000000.0 80000000000.0 0.005969026041820614 2.7009842839238267e-05 5.4019685678476534e-05 0.0 0.0 1.0
11 12 200000000000.0 80000000000.0 0.005969026041820614 2.7009842839238267e-05 5.4019685678476534e-05 0.0 0.0 1.0
12 13 200000000000.0 80000000000.0 0.005969026041820614 2.7009842839238267e-05 5.4019685678476534e-05 0.0 0.0 1.0
13 14 200000000000.0 80000000000.0 0.005969026041820614 2.7009842839238267e-05 5.4019685678476534e-05 0.0 0.0 1.0
14 15 200000000000.0 80000000000.0 0.005969026041820614 2.7009842839238267e-05 5.4019685678476534e-05 0.0 0.0 1.0
15 16 200000000000.0 80000000000.0 0.005969026041820614 2.7009842839238267e-05 5.4019685678476534e-05 0.0 0.0 1.0
16 17 200000000000.0 80000000000.0 0.005969026041820614 2.7009842839238267e-05 5.4019685678476534e-05 0.0 0.0 1.0
17 18 200000000000.0 80000000000.0 0.005969026041820614 2.7009842839238267e-05 5.4019685678476534e-05 0.0 0.0 1.0
18 19 200000000000.0 80000000000.0 0.005969026041820614 2.7009842839238267e-05 5.4019685678476534e-05 0.0 0.0 1.0
19 20 200000000000.0 80000000000.0 0.005969026041820614 2.7009842839238267e-05 5.4019685678476534e-05 0.0 0.0 1.0
20 21 200000000000.0 80000000000.0 0.005969026041820614 2.7009842839238267e-05 5.4019685678476534e-05 0.0 0.0 1.0
21 22 200000000000.0 80000000000.0 0.005969026041820614 2.7009842839238267e-05 5.4019685678476534e-05 0.0 0.0 1.0
22 23 200000000000.0 80000000000.0 0.005969026041820614 2.7009842839238267e-05 5.4019685678476534e-05 0.0 0.0 1.0
23 24 200000000000.0 80000000000.0 0.005969026041820614 2.7009842839238267e-05 5.4019685678476534e-05 0.0 0.0 1.0
24 25 200000000000.0 80000000000.0 0.005969026041820614 2.7009842839238267e-05 5.4019685678476534e-05 0.0 0.0 1.0
25 26 200000000000.0 80000000000.0 0.005969026041820614 2.7009842839238267e-05 5.4019685678476534e-05 0.0 0.0 1.0
26 27 200000000000.0 80000000000.0 0.005969026041820614 2.7009842839238267e-05 5.4019685678476534e-05 0.0 0.0 1.0
27 28 200000000000.0 80000000000.0 0.005969026041820614 2.7009842839238267e-05 5.4019685678476534e-05 0.0 0.0 1.0
28 29 200000000000.0 80000000000.0 0.005969026041820614 2.7009842839238267e-05 5.4019685678476534e-05 0.0 0.0 1.0
29 30 200000000000.0 80000000000.0 0.005969026041820614 2.7009842839238267e-05 5.4019685678476534e-05 0.0 0.0 1.0
30 31 200000000000.0 80000000000.0 0.005969026041820614 2.7009842839238267e-05 5.4019685678476534e-05 0.0 0.0 1.0
31 32 200000000000.0 80000000000.0 0.005969026041820614 2.7009842839238267e-05 5.4019685678476534e-05 0.0 0.0 1.0
32 33 200000000000.0 80000000000.0 0.005969026041820614 2.7009842839238267e-05 5.4019685678476534e-05 0.0 0.0 1.0
33 34 200000000000.0 80000000000.0 0.005969026041820614 2.7009842839238267e-05 5.4019685678476534e-05 0.0 0.0 1.0
34 35 200000000000.0 80000000000.0 0.005969026041820614 2.7009842839238267e-05 5.4019685678476534e-05 0.0 0.0 1.0
35 36 200000000000.0 80000000000.0 0.005969026041820614 2.7009842839238267e-05 5.4019685678476534e-05 0.0 0.0 1.0
36 37 200000000000.0 80000000000.0 0.005969026041820614 2.7009842839238267e-05 5.4019685678476534e-05 0.0 0.0 1.0
37 38 200000000000.0 80000000000.0 0.005969026041820614 2.7009842839238267e-05 5.4019685678476534e-05 0.0 0.0 1.0
38 39 200000000000.0 80000000000.0 0.005969026041820614 2.7009842839238267e-05 5.4019685678476534e-05 0.0 0.0 1.0
39 40 200000000000.0 80000000000.0 0.005969026041820614 2.7009842839238267e-05 5.4019685678476534e-05 0.0 0.0 1.0
40 41 200000000000.0 80000000000.0 0.005969026041820614 2.7009842839238267e-05 5.4019685678476534e-05 0.0 0.0 1.0
41 42 200000000000.0 80000000000.0 0.005969026041820614 2.7009842839238267e-05 5.4019685678476534e-05 0.0 0.0 1.0
42 43 200000000000.0 80000000000.0 0.005969026041820614 2.7009842839238267e-05 5.4019685678476534e-05 0.0 0.0 1.0
43 44 200000000000.0 80000000000.0 0.005969026041820614 2.7009842839238267e-05 5.4019685678476534e-05 0.0 0.0 1.0
44 45 200000000000.0 80000000000.0 0.005969026041820614 2.7009842839238267e-05 5.4019685678476534e-05 0.0 0.0 1.0
45 46 200000000000.0 80000000000.0 0.005969026041820614 2.7009842839238267e-05 5.4019685678476534e-05 0.0 0.0 1.0
46 47 200000000000.0 80000000000.0 0.005969026041820614 2.7009842839238267e-05 5.4019685678476534e-05 0.0 0.0 1.0
47 48 200000000000.0 80000000000.0 0.005969026041820614 2.7009842839238267e-05 5.4019685678476534e-05 0.0 0.0 1.0
48 49 200000000000.0 80000000000.0 0.005969026041820614 2.7009842839238267e-05 5.4019685678476534e-05 0.0 0.0 1.0
49 50 200000000000.0 80000000000.0 0.005969026041820614 2.7009842839238267e-05 5.4019685678476534e-05 0.0 0.0 1.0
50 51 200000000000.0 80000000000.0 0.005969026041820614 2.7009842839238267e-05 5.4019685678476534e-05 0.0 0.0 1.0
51 52 200000000000.0 80000000000.0 0.005969026041820614 2.7009842839238267e-05 5.4019685678476534e-05 0.0 0.0 1.0
52 53 200000000000.0 80000000000.0 0.005969026041820614 2.7009842839238267e-05 5.4019685678476534e-05 0.0 0.0 1.0
53 54 200000000000.0 80000000000.0 0.005969026041820614 2.7009842839238267e-05 5.4019685678476534e-05 0.0 0.0 1.0
54 55 200000000000.0 80000000000.0 0.005969026041820614 2.7009842839238267e-05 5.4019685678476534e-05 0.0 0.0 1.0
55 56 200000000000.0 80000000000.0 0.005969026041820614 2.7009842839238267e-05 5.4019685678476534e-05 0.0 0.0 1.0
56 57 200000000000.0 80000000000.0 0.005969026041820614 2.7009842839238267e-05 5.4019685678476534e-05 0.0 0.0 1.0
57 58 200000000000.0 80000000000.0 0.005969026041820614 2.7009842839238267e-05 5.4019685678476534e-05 0.0 0.0 1.0
58 59 200000000000.0 80000000000.0 0.005969026041820614 2.7009842839238267e-05 5.4019685678476534e-05 0.0 0.0 1.0
59 60 200000000000.0 80000000000.0 0.005969026041820614 2.7009842839238267e-05 5.4019685678476534e-05 0.0 0.0 1.0
60 61 200000000000.0 80000000000.0 0.005969026041820614 2.7009842839238267e-05 5.4019685678476534e-05 0.0 0.0 1.0
61 62 200000000000.0 80000000000.0 0.005969026041820614 2.7009842839238267e-05 5.4019685678476534e-05 0.0 0.0 1.0
62 63 200000000000.0 80000000000.0 0.005969026041820614 2.7009842839238267e-05 5.4019685678476534e-05 0.0 0.0 1.0
63 64 200000000000.0 80000000000.0 0.005969026041820614 2.7009842839238267e-05 5.4019685678476534e-05 0.0 0.0 1.0
64 65 200000000000.0 80000000000.0 0.005969026041820614 2.7009842839238267e-05 5.4019685678476534e-05 0.0 0.0 1.0
65 66 200000000000.0 80000000000.0 0.005969026041820614 2.7009842839238267e-05 5.4019685678476534e-05 0.0 0.0 1.0
66 67 200000000000.0 80000000000.0 0.005969026041820614 2.7009842839238267e-05 5.4019685678476534e-05 0.0 0.0 1.0
67 68 200000000000.0 80000000000.0 0.005969026041820614 2.7009842839238267e-05 5.4019685678476534e-05 0.0 0.0 1.0
68 69 200000000000.0 80000000000.0 0.005969026041820614 2.7009842839238267e-05 5.4019685678476534e-05 0.0 0.0 1.0
69 70 200000000000.0 80000000000.0 0.005969026041820614 2.7009842839238267e-05 5.4019685678476534e-05 0.0 0.0 1.0
70 71 200000000000.0 80000000000.0 0.005969026041820614 2.7009842839238267e-05 5.4019685678476534e-05 0.0 0.0 1.0
71 72 200000000000.0 80000000000.0 0.005969026041820614 2.7009842839238267e-05 5.4019685678476534e-05 0.0 0.0 1.0
72 73 200000000000.0 80000000000.0 0.005969026041820614 2.7009842839238267e-05 5.4019685678476534e-05 0.0 0.0 1.0
73 74 200000000000.0 80000000000.0 0.005969026041820614 2.7009842839238267e-05 5.4019685678476534e-05 0.0 0.0 1.0
74 75 200000000000.0 80000000000.0 0.005969026041820614 2.7009842839238267e-05 5.4019685678476534e-05 0.0 0.0 1.0
75 76 200000000000.0 80000000000.0 0.005969026041820614 2.7009842839238267e-05 5.4019685678476534e-05 0.0 0.0 1.0
76 77 200000000000.0 80000000000.0 0.005969026041820614 2.7009842839238267e-05 5.4019685678476534e-05 0.0 0.0 1.0
77 78 200000000000.0 80000000000.0 0.005969026041820614 2.7009842839238267e-05 5.4019685678476534e-05 0.0 0.0 1.0
78 79 200000000000.0 80000000000.0 0.005969026041820614 2.7009842839238267e-05 5.4019685678476534e-05 0.0 0.0 1.0
79 80 200000000000.0 80000000000.0 0.005969026041820614 2.7009842839238267e-05 5.4019685678476534e-05 0.0 0.0 1.0
80 81 200000000000.0 80000000000.0 0.005969026041820614 2.7009842839238267e-05 5.4019685678476534e-05 0.0 0.0 1.0
81 82 200000000000.0 80000000000.0 0.005969026041820614 2.7009842839238267e-05 5.4019685678476534e-05 0.0 0.0 1.0
82 83 200000000000.0 80000000000.0 0.005969026041820614 2.7009842839238267e-05 5.4019685678476534e-05 0.0 0.0 1.0
83 84 200000000000.0 80000000000.0 0.005969026041820614 2.7009842839238267e-05 5.4019685678476534e-05 0.0 0.0 1.0
84 85 200000000000.0 80000000000.0 0.005969026041820614 2.7009842839238267e-05 5.4019685678476534e-05 0.0 0.0 1.0
85 86 200000000000.0 80000000000.0 0.005969026041820614 2.7009842839238267e-05 5.4019685678476534e-05 0.0 0.0 1.0
86 87 200000000000.0 80000000000.0 0.005969026041820614 2.7009842839238267e-05 5.4019685678476534e-05 0.0 0.0 1.0
87 88 200000000000.0 80000000000.0 0.005969026041820614 2.7009842839238267e-05 5.4019685678476534e-05 0.0 0.0 1.0
88 89 200000000000.0 80000000000.0 0.005969026041820614 2.7009842839238267e-05 5.4019685678476534e-05 0.0 0.0 1.0
89 90 200000000000.0 80000000000.0 0.005969026041820614 2.7009842839238267e-05 5.4019685678476534e-05 0.0 0.0 1.0
90 91 200000000000.0 80000000000.0 0.005969026041820614 2.7009842839238267e-05 5.4019685678476534e-05 0.0 0.0 1.0
91 92 200000000000.0 80000000000.0 0.005969026041820614 2.7009842839238267e-05 5.4019685678476534e-05 0.0 0.0 1.0
92 93 200000000000.0 80000000000.0 0.005969026041820614 2.7009842839238267e-05 5.4019685678476534e-05 0.0 0.0 1.0
93 94 200000000000.0 80000000000.0 0.005969026041820614 2.7009842839238267e-05 5.4019685678476534e-05 0.0 0.0 1.0
94 95 200000000000.0 80000000000.0 0.005969026041820614 2.7009842839238267e-05 5.4019685678476534e-05 0.0 0.0 1.0
95 96 200000000000.0 80000000000.0 0.005969026041820614 2.7009842839238267e-05 5.4019685678476534e-05 0.0 0.0 1.0
96 97 200000000000.0 80000000000.0 0.005969026041820614 2.7009842839238267e-05 5.4019685678476534e-05 0.0 0.0 1.0
97 98 200000000000.0 80000000000.0 0.005969026041820614 2.7009842839238267e-05 5.4019685678476534e-05 0.0 0.0 1.0
98 99 200000000000.0 80000000000.0 0.005969026041820614 2.7009842839238267e-05 5.4019685678476534e-05 0.0 0.0 1.0
99 100 200000000000.0 80000000000.0 0.005969026041820614 2.7009842839238267e-05 5.4019685678476534e-05 0.0 0.0 1.0
101 102 200000000000.0 80000000000.0 0.005969026041820614 2.7009842839238267e-05 5.4019685678476534e-05 0.0 0.0 1.0
102 103 200000000000.0 80000000000.0 0.005969026041820614 2.7009842839238267e-05 5.4019685678476534e-05 0.0 0.0 1.0
103 104 200000000000.0 80000000000.0 0.005969026041820614 2.7009842839238267e-05 5.4019685678476534e-05 0.0 1.0 0.0
rigid 6
0
1
2
3
4
5
springs 0
loads 6
600 0.000732421875
601 -0.0003662109375
602 0.0010986328125
603 0.75
604 1.5
605 -0.75
