nodes 11
0.0 0.0 0.0
1.0 2.0 2.0
2.0 4.0 4.0
3.0 6.0 6.0
4.0 8.0 8.0
5.0 10.0 10.0
6.0 12.0 12.0
7.0 14.0 14.0
8.0 16.0 16.0
9.0 18.0 18.0
10.0 20.0 20.0
members 10
0 1 200000000000.0 80000000000.0 0.005969026041820614 2.7009842839238267e-05 5.4019685678476534e-05 0.0 0.0 1.0
1 2 200000000000.0 80000000000.0 0.005969026041820614 2.7009842839238267e-05 5.4019685678476534e-05 0.0 0.0 1.0
2 3 200000000000.0 80000000000.0 0.005969026041820614 2.7009842839238267e-05 5.4019685678476534e-05 0.0 0.0 1.0
3 4 200000000000.0 80000000000.0 0.005969026041820614 2.7009842839238267e-05 5.4019685678476534e-05 0.0 0.0 1.0
4 5 200000000000.0 80000000000.0 0.005969026041820614 2.7009842839238267e-05 5.4019685678476534e-05 0.0 0.0 1.0
5 6 200000000000.0 80000000000.0 0.005969026041820614 2.7009842839238267e-05 5.4019685678476534e-05 0.0 0.0 1.0
6 7 200000000000.0 80000000000.0 0.005969026041820614 2.7009842839238267e-05 5.4019685678476534e-05 0.0 0.0 1.0
7 8 200000000000.0 80000000000.0 0.005969026041820614 2.7009842839238267e-05 5.4019685678476534e-05 0.0 0.0 1.0
8 9 200000000000.0 80000000000.0 0.005969026041820614 2.7009842839238267e-05 5.4019685678476534e-05 0.0 0.0 1.0
9 10 200000000000.0 80000000000.0 0.005969026041820614 2.7009842839238267e-05 5.4019685678476534e-05 0.0 0.0 1.0
rigid 33
0
1
2
6
7
8
12
13
14
18
19
20
24
25
26
30
31
32
36
37
38
42
43
44
48
49
50
54
55
56
60
61
62
springs 0
loads 0
