nodes 11
0.0 0.0 0.0
2.0 0.0 0.0
3.0 0.0 0.0
6.0 0.0 0.0
7.5 0.0 0.0
10.0 0.0 0.0
10.5 0.0 0.0
14.5 0.0 0.0
15.75 0.0 0.0
19.25 0.0 0.0
20.0 0.0 0.0
members 10
0 1 200000000000.0 80000000000.0 0.005969026041820614 2.7009842839238267e-05 5.4019685678476534e-05 0.0 0.0 1.0
1 2 200000000000.0 80000000000.0 0.005969026041820614 2.7009842839238267e-05 5.4019685678476534e-05 0.0 0.0 1.0
2 3 200000000000.0 80000000000.0 0.005969026041820614 2.7009842839238267e-05 5.4019685678476534e-05 0.0 0.0 1.0
3 4 200000000000.0 80000000000.0 0.005969026041820614 2.7009842839238267e-05 5.4019685678476534e-05 0.0 0.0 1.0
4 5 200000000000.0 80000000000.0 0.005969026041820614 2.7009842839238267e-05 5.4019685678476534e-05 0.0 0.0 1.0
5 6 200000000000.0 80000000000.0 0.005969026041820614 2.7009842839238267e-05 5.4019685678476534e-05 0.0 0.0 1.0
6 7 200000000000.0 80000000000.0 0.005969026041820614 2.7009842839238267e-05 5.4019685678476534e-05 0.0 0.0 1.0
7 8 200000000000.0 80000000000.0 0.005969026041820614 2.7009842839238267e-05 5.4019685678476534e-05 0.0 0.0 1.0
8 9 200000000000.0 80000000000.0 0.005969026041820614 2.7009842839238267e-05 5.4019685678476534e-05 0.0 0.0 1.0
9 10 200000000000.0 80000000000.0 0.005969026041820614 2.7009842839238267e-05 5.4019685678476534e-05 0.0 0.0 1.0
rigid 5
0
1
2
4
5
springs 1
3 0.0
loads 1
63 1e-08
